$ANSIBLE_VAULT;1.1;AES256
62386132653131313432653463623738623239666364336435353334666136366530376261373737
3639653438666332383062326366613633356532663035650a316638613333623634653933626465
65326366383561386535323035643666343739386263346130363735373634363339626236303264
3235346233656236650a303861353335363031666431626362643839363561326164626563343136
30336234303466613538386232386236623630366539613035323132353466613166326633373935
61343731663135623862323735353231346138306464346439656539333763323833646635343432
30393835356165333563306430303433633265366537616166613634633438363931656333666534
65646164336330333834333362366135386635613463303062656361333133653465646637373434
65313335386531323838366133303562303234616561386266653234343438343839653766343062
34393338666238396330633438326530396632373534313162373837656232333131643532636336
32343934663834623630376330623330326461343539393238623532626533613131333335353263
62363939343431626232636631646631386361646163656333386263373632646238633466333861
32366266653266376436636136366338663338633834373861346235323266363732643135336461
62353763343965656132393136363461333363323531356435363538623035396363386630396635
38616633613237383163666333316131336638396534626235316161393664623730336235353630
35323966633531656161393361343565363363653736616437363633393063386433383435653764
61323036343530343436303033356633353031383166326638643161356436376637366237323865
61363761643966393962373635613536666131663361653433616565366430323864333137383736
63653038366563363565373531316236393930633264643434313437623062326462643231346163
36653766306238303939636236646239366331623266366561306165336239343730313865313165
34376462396636323535643638643930373331653939646638383461343266326639393235643462
66323736613866653337396262653533386261393864356239346537363530353663656465643339
64626463386235363739353535613839316136363735633835386463356233643837656461666331
61383637336465383339656437653164643765383338333132336464383536303933336362313434
30363133613764343732306466623439316162363835623530386233316633616661656334653232
30316638333832643933323738323632316462646263376636323161313932313939336231383866
39306537623730623363396165363136393439653466646664613665373263343062363262373531
37393735333635386433623330316266656431663663383530313864313961316363373865343962
65663331363862663964653965643265376164376566666538646366333932343861653632383064
63373863653737653562346339316133623432323133303066626539306139383466633763393830
30326231386663306261636435383764653734323963313965383139346434346562353335626137
35623161396139313062353936643139633238333531633463626365653466643463633564336461
30313831656539353666316666373731626535663764333065333639663330323839373830396162
37656265663933653739343463623564316132646264373036653234333062656233336330643231
37636461373932616331343538613265306564666434353735663736323464393434333964356438
34376565313465393135656661313030366261356337643831663864363761346535303937323161
36623234376634646534346335366566396339346631346132373962316161653039326432336136
38336662613664646165366564613930636239363737663235316633636466613631623464623964
66666332646661653166636630313764353566306131653938613865383031613334383539393966
38613938306231333562613763666264646432346337663261663366353336643032336537633632
39663536646533393363383038323336323464643533353963626630653831346132363537393336
34663937623865336137646131353166303562666234383361663130316133363133333736623433
37656263366332306161646431386163346664616632643063626332343038353432346637303734
35386265636235393536316535396131633866333865313630393835383636333464633565373639
62383837643362363963366265393630343531376364613363393532316437333531353033343264
31616264373661393338356662346435303232333137336335626632306334316165393732393234
37373639333135643861363532333765646139306365353462316661633837653834313237383634
65333939616366316339653832663563326663373164646633623562346561303530363931666239
66303835616334353236313132336266666266623330656661313735376434323263616164633865
30363039633063653537353863656562346634303965333139363738313633363239383462323334
30393361336366356131653536626663353263643038353839626261643430306262363632663965
36333531343233613032643664626165303062313038653338366336373030303864333162313334
39393662393164393732386639346266666536333766633130353036653639336361316164396236
30306239343765353665353365646362316532633835636362346533343434383434343561303834
62623166336539333962363731306432313930396236343938386437363239363235306363323438
38653134383662373833353038383661343139643735323835666137653932353466663433316230
62663139383934373334353833316432623134373834323433613334656566646561
