$ANSIBLE_VAULT;1.1;AES256
38333263656465346562303636393031613839666265323862313539323334346238383236656665
6636393238363733643736343236393130633239636339340a313464663966303263633236616538
30646333366261366166633063383364353162393735376235663333643337313832316337333332
3537303238313133640a653036323237663331663731626462373433663461393964323439356430
36636438386539353461376533613033623564353566313835303363316431613866343836343335
34633362333936663338396334653039633261353866323366633938376562376266656639366331
33326666306339333932376165353732646633346265613562383033303065643932643030306363
33626262396365303865643430343864336431616537376665336665393666346431373762366335
36343038656264633538646634313764636361393261343935383134323536323332363633336265
30313034396666363761633561373662383538303933393865373236343566636265356165666631
35666436653563643539613364333665373534623965616162663031646661393635623766613332
33363831313933303036343065306435386465323239363433373830346535306164663838626436
64333565356436643937366235323238633939333230346234633135663963346630373838376535
36343166376132313434653631626330373538333436343163363666303063663238636438303137
36333332383765623930376530303233663334613066656535323363623133633733386635393934
66393036383739643530646635616138663261336463656235393462353534656164363262313065
32313834656336666161626337373338353232303263316339333138316134373930323538333130
30326638346534623838373866333863303232393735626431656433613262623636343131613232
31363832303032633538316232393864343161633662343963326134643033656431653534653162
39653035326566326361316431393431343230623432396538633464623938613632373234666164
33663330393133633366396664633864613961386561626235323163356163653536386330633165
30666635336638653838326361326436363833326466616235333662653633303830663566663761
63643338366630633230343638633061363434333835333232666334653835386431376230616630
64633565386130393437643035316332373764343736666235373666613032336238303863633837
30373932663130326637396230323136666165656239666538306337646633623835366663383230
32363733373533366130656563383534636366313530386562663532353838323066373339333165
35663930396535306662393637373232333438323330303332343235613439633761363364313931
32356534303437663032353138386664356364623466656331343365383234316364333064346633
66656636336637313938613734303631396335653234363139653362366231343066316163613064
34666262356561623632613466643164613734363533626334323336376265393561653833653236
33353962383536643239343536303162636561636634393563303736343238326131303031656232
35366430636666616230313866353861323338613837353933336664656330663462353733383063
66393863313366613139623534383631373863663338663364356637653734633965343436633531
30323061363466643337306338376538396133653736623037343337363531326230666231383738
63323165653464663431383437636234643438303066653736336234623038353036636437626664
38636131323538343165643134346464366431663835316637353561626461313139363265353833
63303232663138666338663564373139623765636639623339313636656634366435653339376337
62353839383738646133656438343039623935313337613136373239363336656331623265323866
63333637386164373164663731396533643535336364326434646461633134303361356435373838
36333131613939616364656133346364376537316163346266666365316636303766303162333532
35653336636566316137653830333634613237633433326566363963663531303664623739336561
39356461376236633437363031383330383264306131303730396335643434346466653165303232
65316566613830383035353039633066623164343235643033376535366661376236306163303735
32393135396232333030343231346363613162623762366332373634316430633837633261636333
31383935313162386366646464623561643434666533613661373131363039326239323631346233
3238333339633766356234323336373534363933666162326336
