$ANSIBLE_VAULT;1.1;AES256
31336564643538313236303661363965363964316365373964353335633431353361386362373637
6164366539353732666635646338356663356438313735380a643162356430353761386130303165
62393164303964393531643234366464623362616432393637393062343633333661363233626438
3630626261623965660a306134386163346162393365326362666432363564343137663032343438
37393334356630656161653366643433613334393965623435333730383663363462313862343434
66346536626635393238313762663563303231353233356465363538633963313531623437356232
36646330323038326438623039323262373631383833653862633534363664323838363035303161
64343466623965343162613038653737393661353034646537623137373865353666323562643361
65656332366263636138306165313065346535613339323566663361373130316162313134323163
66333038383833333133333537323063353865643630326632643236373831656236616239363034
39656134383535303838316263333731376237653936376636643562343535633731356464633239
36336530353462333530396332383437346432396333623361643539313062383064313262306365
66666238303436636463393765306465626266396437613963663234636331636235386633366434
62616662313637333763336437366630316261376634653233316361393566363432663537653634
65643361343464653438373936383834323261616335396231316565653438373865636162346333
37333133346337623363393637613636656636363365383766656537303865376464323130386634
61666263303730636535333961656530616537633036353761623465366233623662313764316634
39336131306135326233663063323538326533656637393132323664396664316464383164656263
39386235376433653130353934633863376432643036623265663661613163373863636466646236
34626438623230636633626533396538636439343064623765303134353530663935316362336262
62656636653062336565653234363035663564643865663533366664376633623530623562626532
31303436383061356133623761383964356639616538316238656333303532306561353962366537
64656437613065353138333966653936323261323165386238336230366265303932346133373164
39353330663437313964623066333233363266363466306139633238306562626437633265653731
63393033616138643636313934376239633163666433303464326164643130313830326339643739
65346664383438386663346465663164306430393237653039336164303237613363663134386365
31616534383264303333333461656565303466313137616538313764383438623437303337313166
32316666623066353763643865343231616361353030663238383062386131366662353238303462
38643931363366633536393534633034643839353435656663353936366330386166
