$ANSIBLE_VAULT;1.1;AES256
31356332393266386436396436646636336662363064306636646530376464343639633932613561
3565313638383166616234313762393535343164666130630a326334366431383539363861333831
39653964663738303863346265326235316332393063343637643236353837383066653662373733
6438363335316231650a396339323363376565616437323335623032396139656436363332613163
30316132333962343136343134356637333633363834633335623166346138306636636132353837
37313836666665646432663132353331366266333563366534373139333965396363323965386665
66303266386639303734616664376532643361646234663638376637633531356138383035386664
34333531323333306663346163653138353562656436303062633739613536373665663432633239
35303564336163353530383962646436383339356333333861623935373635346664323533376337
37306136633362636532306564646365626364363561386137363464383731663134336437373237
63373837316664323837623563613731323066633631653839626563326235643764626238663264
35376365313033333537666562653238643538663635653030643265656638626132313637343061
33616130303538346264656230313238326163346231653232333732356530303765366463636166
35663438616130326631616265343037346437373130306439636230393634643534386632643835
34363230336636616165356261366433366431393233383030383032333632303139346430373133
38326365353631636439306434373830366633653933643165376632313634666535383064376562
37333165386563623139326262376333393331616163353061326135633938323036316337316664
36393935646437396334333562366264666335616566373666356264646164326434386332626364
39333263393132373931616334386337616165626134616632363164643562366231313236323037
36333061353936353136323139633262643363333230653561623365383232653932363631316232
36323163633362643739393137383837326166643630396138313434656233373333393831376464
32336330623930333234623163356562613738313363643362303861346464343130646230356532
66363638366435396333666432656235363237653763336139666530613939376561363033353662
39656263653031626237623131336231616533306632343631633532393034303964623030636366
61656330636165643430323465373232623238313036303731383133613532636339393132636563
35393762356365363434663730613134616561323835306635663464326531323436396239613261
61386266323734393362363664366438626632323136313561626632636666363832383835653533
39383762356437313638336362633461303738353130343335303733363163643632363263613836
62623732366564633939636237623964303535366565393937633366393035363362336635376636
33633332383931646662653164313165333261343334326264333834326433396630623436363166
65336161393665313563653437346635383430393034626535656366386430653732623432393863
30376662393531316239616166636166613362303963326331393064623639626163326531613337
66306361373737393031306162373030393865346134333032396139616139663332643063323164
63376432303937633065333138626131343930643332313937353439616131633834343335663464
62306131363332363562356165346236316338366363373330326533353333666166653932306133
36366335663463383032306333373633393334323066343366616231333337393435353631373030
39333764396236666364393366653239376131383033336233386566346437646563373966393234
62656139366661323031323163333030306431393763633235333733396361386637353030333636
61353663306336313239633338613035663732316139366263383037613961663633653033346266
32643136333737613733666239393535636239653537663631333334306434333936323139656262
61636663623563663339666164303465613833626237666135326531636231363064373364373339
35373865326632663333633632633861633364343835336461346566643964646366383936646238
39373436626234336563303562363463623563616638643439393739313966656264633339663762
32666365316237376261386162383236346664346231666163316663373339633863353566393330
31353866323466363637333137373764646439323930383262613166613066373138336262346361
39386236363464346262336236623335343662623332353262363838373966316139663561376438
346238653736643866313262623933373736
