$ANSIBLE_VAULT;1.1;AES256
33636238633261373164636630373431663036316437363262333638616534653037343337633235
6537616231663736313563306234653336303364366361630a343239646339393833636332353865
32393437353231306237366139393638643662353139383164666636636165373832653537653265
3236323365333134330a346438393363653365386237663066616133346366353566376631353430
63633731646339346438303637663433616133636337656232363833373665336630663933326231
61616338663366346164663062623137386238346563643631313663313732373430636262383366
62323865643037623035643134323333306230326664326430613262626332613737383463393133
62353039393839363732353238616663306161346565383637666431643734663166356366643936
33306538353463323630356434653862633633346436323935303162613430386430366337336235
37613031316332646332633539366334623937313466383038313037353635373234323431366538
63626431633438356162336237313534613163653362383431336131336164613931636339333833
66356265333463303539303939636232346231353038383839636137663732663664313963383462
64336533643632636361396135373632666336666137636265356534623264393430313833656239
35353961386164646132643630323035303965643633366461313763616436346136626264396230
62383338366239623730633435653736373266616465316263326465666139376539666139323662
36663230623833623662653635393365363762663163373631336633613935653362613163653463
39353834306538373538616666356233613935396530346137666263616337343366396465633361
35373330363965626531633962613036636632383663346231343039313633316334306665313239
33623763643130316138353732373137386363363437383538386232343763356331333966316633
37656336343363333338396335636331313164356365366564326639313864333065353134653264
32356664646366636431323933643033643065353235646139616564333233353165356266633635
37373232663762373237373831393863303832666431383165623864626432643035396633393364
61303130663065343265363032306466353562313032363230343239386136373632303531356230
34613432643862613861643235316235646238356364653161313461353432643237346165326336
34616633303031353066323534613938616334316661353861343135643764383866623264313034
34316165643564653434663238303538366230656466643836396465656536623362646632316332
34663864643638626265386165356339646233626665333666643433316631396566326337336238
66373032313933313866353466363566396336396538333361646561356336343131383332353133
66626364663633343465623863633764343539653566363531633438663166366361633738613530
61383532643962383633656234343234353464336266303864313366636431326432353638356631
63313334633538613935396634656164626139623638663362623737333339376461373164633839
66323435356262666465383562316261666165393463643238393636636232636461656436613630
61313834663061316330633430633863373138313337363365623134636639386431653830636532
64353631323532656462643739386464656235323833306564356264386632383466363938643438
64313232383166623731663666326133616563313732303261386163376663313331383039323666
61313038323333353430393462656666626138303837366661346132623561643736623839663866
65656463633434626636306665346531656663636334363061346165373235653738333937636630
3930383064383933343237653932313736343666366565616361
