$ANSIBLE_VAULT;1.1;AES256
31663466386333623462306430636632316639323239323832656230316363653366386235653436
6534623739313663346131653038336661333735396433380a623864643830376361656366306135
65303835376234326534363637333836663037346234393337383338306132613865633361613233
3339363839633138640a626666316262316633353034356130366531313738376333383431323739
31643361633963376336636536646639333562666333313737373066613034613662636664666534
38316133653030393065623261663933316265306563663231656434373932613762623965333566
33666563636331306433653261613332626234363332303633633065316437663837663835623263
31306561376431343864363531386364383733303562326363656234306430626532343635353864
30636161643865333330653835346133373863616530633066383633346262303135303035343034
66623236353361363031323737633237646537643563613336376166343665396333356431313638
63346231653562356235336566623964303931313665653665343934346262313761316464396235
65343035373366623838376664343432373036663861623037373834396139633637373730363930
36306434303864383738373561353863383161303431623564616637346634353430363463353234
38373138336261663562396263356138396135363262393532633737623934613530646336626462
65323839343732656365653335373030666564316630336139633463643833383038306264303936
65393132343133656465346137376433626230346466663563653036353539356537646362333936
36353839366536376134356264616464646437633764363962323230343461313465353434626563
37343730356666333964353832636239306133313966653032643939663934313638613133353266
35643536323837303633613535646366666231616261316132363634643239386336363739623239
64663266636334653233363837613061663163636438363766373062393465366331663232363633
36393431323239356431363734386664363763393136336364373335386262343833653532663133
61346337313033646130623132656337353239643534373532636566633833396330666431383665
64363964353566623961646265386634306239333836623031613937646130346333333962343365
30373039636564623261316335316639643763363932303861303330313630326462666430323664
62383262306537323165326665613865316262663761633964363833616534336136666438353463
33316633386363323034663537316164303865313731616361303765373062313537303836313738
37303037306662333838666235346132613737626365303939386163343330336164373437373434
66616331373438393832636339313937616161396164643765613637363362353564393364343761
61616437353434313432623532383039356132323363663131643933323333633335623833623439
39356461616362623164636634643762333265303662636537623434656432633462613532343263
37653962333935393039613666623766643932353563613033636237646437613330643765396538
64343162383563303932303535353130383230653265386132353033333736623264396233343866
32636438343034356538383464306230663233373438616232396133333738343138323261613535
36663661396430626661356237306633393139626438343331323930633636363866376534616634
33383635333430343137666163366161633062346263663761613739396538386335333535383261
35393134303232626362313262333061343839316664613636306363633863396238646334663563
61333931396265383262616139323030376437613138613365306231333966646534613836636364
37653466633966353830336339633362386165313438653466333531633463363231653465333631
32633962613062353963363132356338666238346139323833633766333762393233613937613665
32613839336261633163306532633733626333656361343332653832333134636364376233656236
37656232663365643436613133333564613931626538643263343536363461613762653030356230
64323964356532643534633165353331653865386562653738346361643731343165326334393238
37313464623235656239643864326239343432646364353063333331353939336365613632383133
37313163613332343331386664323639643361636135633733613232353831323863663463666138
65663938633433646365653532326132643535653534663239343533626636616665356330366131
61653937616164313939663431303437383562323839643063323838313836383331393634613238
30323439626538633066373465366564353762663334303263343336363262393636393062663136
38616331623338333133393630386330663339633034336532396437363361336639383630386466
36643931633139646230663461353234316637626532616666643033366634633338373133303762
61616238373863333765333031393664353263643139343363663835333766623062396537313034
66373335346233346263356535663864353036626536653863333433613664383333313635616232
34613131633439366238663663383931303131363430363962383262396464346264666466333436
64333937663338316664323136323539613965356362303561613563666635663431316361336363
33393138616636633130623065343936303364346466343638663437306334646336303339386235
64356334373032343365356365653731663033623964386263326238333562313037363932613264
62646535663730633939333835643532326137376565353535376565666234636437346161316237
66313230643339353461333261363531303630323165643262303634396334313834306563636361
64343231316239333061346565333231373139333836633936333463373864306231656238353331
66353261343733333735366561343638663265623930316137303533333261666338643637303664
38383865373339653431333465303665386634643531643238353162623564323631303431643033
61663233313734646662363063363364313431616262333132653063386536656339303161613263
66356364383065313337363635323739663731303864333637383639363861313939363965353933
63313861323431366233613337366465313134366433616466366537393738616530363038376665
66613462653264386232323163303130383639313465396437393336653936376339656662643032
33613862323363306538326232393530666532383137633137643562303638353633323264343365
66303738346231323339313162376439626230303064643939346136343764393239353763303532
32343932333462373830306462646463303536393837613635373331653631366634353661356663
35356433393031336537306139613937653739666466363863386431373037383833623232373862
66326334373836343138373736353462313066353833323932356231636361383932313261376161
62643763396133386535366531376435323536376561633139616361313337353863326233666363
30313134393934613339613663626536636337323831363933393863336334313861643730626232
31353330393263323764396563663763376331613062316465386237323930613534333930623466
35343637636635323734333766376439613536346437313838663630386134316632303235626231
32306263393339646162623730623330373261373330353235626363626638363362666262626366
64646234323464336532656466383438343566363030353430323535643463373935656133643031
32633631313739633631383463396531373063663336333230633830633231353431303265343132
34346435623362616638616463663963303238613036623332396138303232383734613133313932
30666239383765663361396437626662313830666434373239643035396134393163653532363164
34366561366532343831336335303134313664613362353832613063323737393431316566343264
66653461333236373965373539393331663165383636326163353233663232363239396538373437
30323635643832393264336538636665316135393432613237383830363537363238336634373433
32306664633561633363623730363566613462383436343561656263666361633639623835326161
30643962316132613237383632353266373361393732653235343733363536376263363730653333
38376234613330373565613161656165656265303530636639616436313037336263336233333831
36613466343838653530666335373635383535636630616363396361396234343263323130333139
33643931316164393538383031636338616134646465343062353033656335366634313536343961
30633737366364356435646336633936633236373761346365396335353064633764663863643038
64633538643363373362323535363039383765386330353164666161333336316430656365343639
6132
