$ANSIBLE_VAULT;1.1;AES256
66646235653565306435653935303836623361383366663937623262643539333166303262623566
3963653266383161656333393430323239323066333235350a613732356566633266313132393331
62386261366363643265613833363530376165323435386430353264313030653064663465656337
6366623735666562300a643834326265616362613566623430336236383164623563313438303835
35353364306137623935393036333335363731313266373866323736303332646430343134383566
62313335303861666634323761643837303761373436343339323333396633663161386564333063
61376365663132333934306161363531616139373962356461363065653436313230383861316335
61356463303739383734303133623134626664326430393333623638616435353939356533666131
63663864663535373735303338313036303362303362396266346662373862353231396432633065
66333864633732636664353237356639636536303935663833623764653037623438383433353666
64303430643739633461656431396639393963336539356563373863663237316433353866633636
65326365386266626666663434336663313637373631346130656334613662653433636462643064
35373465373330313838636537643837313964386237316339353838393533663236383232313364
66663462393466336564396163666262383662646334663032363334613162333931653432363234
61663731656436643438303834356335396139376563373330663831313130653338623034396139
62396535396637323334323665626263333133656639393630343962326538336430363939386238
32376138613662666263383533613636316564396538373730623237663362353162613865333434
37656336353364633733336537343335326161626531616166303933386135333731363430303730
31666465333338613435656362373838613636393531333862623437373937383361643065353333
35363630656265316133653461323434636662326432346261373830326231346132343637363732
66383036383936386436626139663031333337363362666461366264353762633766333662303365
35663732323738616336333463393030376138646237313539326163343836623761633461366630
31363135653863346464386663643532613435343039636561326363386239316633363330663539
30323133343165626666353332376136626237393766623533386634373362383133613230326265
30373861353464333636633632323064373432626366333934333266656535643037333165616630
65643261386565623266346536326261623433393239636461303036396333363031616266623362
37376330326139333032343666643334356338643434313335333865316561383236323332333137
35666334393437363530353666363737643039663337643366346332396334643466613861663839
66636138616666393339616364313436326432333365626335306631333832356666
