$ANSIBLE_VAULT;1.1;AES256
63343838393166646161346239656330666235656333386630663739356132643332333730376532
3561646361616361623363613839356630636535633262610a306234356465366536663537376662
34653536363861316239623231396239336364313130656336646363383235643764613264393039
3036393434316165360a393865326432396138633339643961633938616361663639313733366162
33643338326665353238393537613734663738343231336138613063323833323336623533326632
35623435303064656462363432646236336566626134393631643065316562353737613430383034
62626163386665306138363530663164363636643762393734613033306661306332623138333430
35366663376465356238616563373262383165356233366635626363636261373564333336633063
66323235316130323433303534383463643433333965353161343731616262316430633966666233
35663439363364323762306664353237643439356431666339306636323133376638616664383464
30306663636464633362343934366231613838623462646563373733363038653063336534346263
38323131616564313263623631343032363337643563646663306164663039346431373737616434
61353131336266336233333431613265613930666163306338653965666366353564343964616237
64376364333336626665663030353232653961323564373461366236646332353861613931306365
32623432333435373862313538316461383165373439373966316139326266333931653166613436
63353738616365383630623931623039613866366365336631353439396265643538383163643962
62396634646434386639666433333566373035353061343666396333383737656162323263653161
32356263656634313766653066386565343539633833643064396564613361393466383739633433
31643466353234373735356562303836353137333431366434373639643866316635316166653235
33326136623664373462316432323563613335353963383432303434376663343934303633353164
34356232636566316265633739333233326430643563623833653864353635656638613130326261
33623732363232383061383961316562616138303130666261393364653266313034366437316363
31373064316534326636393031356436316166373033613933303562396139636162306235363664
30666565633164386662383565336636366461633162363331306135363766333831313237326536
61383735323738316666363733323730613331323538363438313166636132306666643939656634
31396562633733643139346139333862356133366261363130383734396431396533393738353566
66396130363164373564383234653530643864373831366161333664653136363736376539326164
65653337633536333565383364616162666638623332643432636438666437323730626437393633
65336466646438316634346533663830323236376433353235363033353636396634383636313832
62653062653335306631636638303063646235323231343733663033316461626162393030316566
65333833386635653037323634323431653337656436306631303738653861353130616332666336
37653365366132393236333533656232376231636163646236326534363934343966646431336535
65313464613931343935346233323138323336333532386233633438323363363034383466313930
34366233323731666236653137616232663864636630313531616464643032306630653230363663
32316630366639306461643561376533316530326362666365626537623931376435643832326533
32313465623037343765333530353937663430363461323238366636643261303365333330323866
35666431363031346562643263373065366665363736353835326564646337313362383238353532
33303133643133323137633234653834363262633535306535373130623732646131343339343033
62316464656464623430613037633936313734386165616531393835336663633930363230356466
37323132323866323634613439393263376234306362326334393434643736323932323164613061
39663832316534376361613535393137333066346137386634313962356336613831633535396136
36636335396365333361663966333631336266373435313634653435363862396438613235313562
62363635356333396438663962343562623766666366393165613262396130303634303365663764
38386365353631613731366566623036366230616434643431366662633532616439616163663834
37303132353931346532336534616462376366336132386538613732656634383439643063623635
33333831346161376237633261666662666236323865643832333830313135393932646339653330
30303831396136663965623363396136333835343733656539396363646461336634626262383230
61623033626265353063343863316561356137663632316334386530613732383766636561363064
39336363636564653639643433353831336462623332663166353830613064363665
