$ANSIBLE_VAULT;1.1;AES256
35656332303932316566316635386232383765353064333839666665623963623637313032666233
6130363564343738343561356539663132626663303735630a306232306336376537656432653666
33626665386564333564656233656332396461366536366435333962333964353737326535666265
3630643663313630340a393738313739636562343633333865623966663538633338303563383966
39626633326136396364363332366463323632383261346664393663373863376561313038636364
64326639346365343536613638383262343463333035653662333137633961653733623435633031
61323262643563613563613937363563626366666462323834633930316362646434346238366332
38663466643561313566346135303664613566303331663265626165666537373732393832613766
62356539376330636133313836326366303964366366313839396137623038353538643738393664
35373530636335646663373134343763313330346663326435623133643834366361323235393163
613330636233653461306138343131316434
