$ANSIBLE_VAULT;1.1;AES256
32643532366235646463343961633861323266326263633831303664666533316331623464383034
3739643733633562353232353134383031303339326337630a326231353131646264643235623864
31663366333166376561316430333562363263363737373337313935303339343938633631643232
6637383465626434310a626664323236363465373861613132313836386439326333643335656461
30376563646565663365323632316363306531326537333033373162666638396231646434383465
66616530303030336437376633393132393037333266616330663933353763653330353665616537
31623233373264366337396537303839333962633565646266623664616235623365643835396565
63633662666433636433363265306135633439396136396131643432636331313664353632373139
66653934663634613161393662373062663539353232653431656330366531633632373837666334
32343266313437356462383763326136366661666366303837303636383365353936666235333464
34656431376638386664316634626130353634626562323530663636363762616136313939663363
61663362636635373833626432623964643064376338343936643030343531393362663335626535
34313264373339386338623764623135373838396462313136653866623633356163313565303730
64366230633562373839353761613137333736376263656434383936326562376462653037366439
31333662616663623465656436616266363837386533303038336635623431663338363437373432
38656163366562333161353063373736643263633330316465636138613532316266303333363531
66623464356638333066613636303666633137356132346234313937303331313032303636663439
64623463633665303038383963626634326664623466633163333163633163373034626666643339
38383539313063636438653762346536383636333363316435366134366630643634643536663433
63326465643335633938613831626234356539623633343931326239633963313139356535363433
65646338613965633766393731343432623234623866316562336436313837303434653864313861
38363164376139343731313163326633363738656634306439613161656566366564373139383232
39396130666331336137323666393239623761376139643664643630306565316138333932356461
36316439343664633434623432383339666136393263666537666533376563666138303464656139
65393764383462643731346564343061316439363363623932393536353330366232636634666165
34653635346662343661343434633535363361356562643566653732343666353430373064363730
66636364313464636263383238616235343138623732366131303465353264666662653032613532
61336565323233623565336536653364343733343230313663623734323333343131336565316566
31633137376364393133313135323035626466616661303435656264396435383332363738333336
35386236663431613563353030363338656366353162323133613736313738613730343666313761
35653834633066396137613735633233613963326232656539613830393063313530653665313265
33623062346465316535323137396638666438393766383166356534303830343035633363663539
37656138666138623939333634616238363164313461373364633266313232366236636166636133
30656132326530633035366234323462623536633132626230353236643161316134623366633631
39626664626364353365393861393038303338326336343365613736623836333865616538376662
38363966366630303865303164353636303762373563303736626336383839303737353036316534
30613337346564383761393366643036363934623561633134636661613238333662313634393063
32393034636432343439333133646432336632653130343265633436306265323562363934333761
373834306466326261326639343732623435
