$ANSIBLE_VAULT;1.1;AES256
34616261326636356264613262613832363064313137623733323239343839323230376630636261
6435653161343035373366376261613663333431316661310a636166643165393131363033383039
38323563343062306562306436336565303637326565623062613235343365626137396533366332
6636643230356561660a323961663933366562383231363337663630636263626535353466313532
37333665653939616637396366353635343365363761356539343161656536363837613339616337
37313031636234386162383030653935333538323436633136666533666633353136336633316331
65306334623432653436363662363136633235396264376437313136373032653933303865626164
30656461303132643834663835653739643835363561353735383938376632313164326261323033
65663730393130373539623632636661643030633936343833356532663562346233383162333539
31373439306339653262383665393064306338653763333832623861653034626332616133623732
66663164666565613935663339373564303039626331356137643637613836373765343665393866
66616461643762363932653263666236323665363464343561323039623461633866313162396363
37613233353235666539323862623366633536386437333161303339306635343761353236373837
63626261626230393366643364323162633134396161386339613164383039326438386338663264
35613137303062313064633064393264656661363231343033323631333162333335633737626261
39663066666530313566356361373330663739353661336634373263343862636630336336643161
30373539313634396331393035346533366238303733646532333132346530336236393861373661
37303639313863353964376566663163363061616563396332356435323264636666303835386663
33666464636236623336623062623264306130356564323862303461363336366331376439346430
33383430353738633834663062346363613566626135666337373933343961646530643837393365
30363261363834393531623139323061383736663433373862383037363864643838643562376639
32623432643438366638393066313838353632626339336362663735373062623831326238363536
32356431636561636165353366316533393566663561336139623762396437356166326562303061
64336261626561633531363838643562303232363436653466616639656637316333376532323938
62383366366339633962306237343165363931646534316363343532643265333831353535613137
61363164346562666562623131336133376132623130653164616461616662303164306362363634
38633964376436356462663364303262386564643862306463373534643334333034373533613735
37333565316664663038376630303839666465323634633138313762626533623738343466613038
37653362653537313239383966393633333738353334636532376361346530623161303435383834
65656435393232323433356335623134656234343433643763393466366262646562363334393933
62613430313039633339313634626162623763353931306536333066333464343362633733633432
66333234656135636333346332656536333564356533656364363735393430623335613032383833
64663061303939623964373030626332373332356436326432666234353061343031626437373836
38666363396631353337643533346564393236316131383363626263356432386637636165633739
33313434633335383063366134323934653736613238393030303439346562323865636439333531
30633331613161646563633134613438383730303634666539666237376337336361623238316632
38326366613333393535616163353833613261653562626134663836366435366531343861323133
65363536353461393964376538313930386535386233363866316337343264383266303964656535
34326164623239356364656432313065373738613231373038383235653063376636333562653639
63363963373239643266326639646666633430336661373561613232373730306339656339333063
31326137383363636465613162613531633265623863373731636262356130373161
