$ANSIBLE_VAULT;1.1;AES256
62366132623935623561323462363534313539333162323336623339343937306265353664633361
6331343435626234323230666366353765333161343635620a363833666434613737623762373162
61353137346666383530663039303766613436373130653866626339316363343231656162333932
6334303338626539620a613731336532633634663065623639623664613666303034336538656638
30643839623036323762653730663834323065343833653438313338333736636663343032616635
38356263653634323530343435643865623662363634353233333234393038396666313364643963
33336365653532363637383464326130326438373231396161346431666234323762376564666165
31353363383362626338633239613436653037373437623061343737333136336263313632316134
65313062643632373937623962353032336135386534303963313538356333303461343434613764
64663939653165613130656161623664663233666130356534633135323866663866303730653561
38356138656330383930633835306635646631393531623661313236636130386263396462633437
33623836653663303164323563343230383361346634663833356435343366656132346639353433
36663165376234633539653338633736663566633265306161663564363333323339656430643566
32646439613933383366323637363463383636373762303938626266613039306531333437623034
33303466363731643639626162653961353031646438386466353632333839393265336464366433
61333230303132626161363738616530633465333730613934643765376638353334313766636663
61393061353766623835393533343239626533323439653430373439623436633266316437323365
65343163306263393630666264623335323432376135616134653836353332663538396136353038
66376430333033663139366535303437313434646532316236643837616265333165623530386362
36613230323666366634326330326333333466656332383366323330663532656639666434313937
63373939653562633064393665333830663533313036613365326165646439313135636532666263
38306531613164396138336462356438616339623561383732323931306462386662393235366535
64646235653633656565316230353166626135623430663531323035316438643033653465633530
31393636393033333930393933623062353839613130386565373661343634653261366534333165
34633365306534386439663965326432313964353261616637303062356436663466653335303161
37343633306365336466663538343438653437383432326266333164663562636335323866393231
33386130303131356662626331663233616165356536663565636661386666303631306230666365
39303762646435333663646133633832346664356530353565626566643237363538333632613631
63356561366336333861613437643161336563313139383236383738353661666134643065646265
39333930313439643838613133386534393433616238636631393136363563316536383561373135
39396335643731373565383763313834663765616665333362316464386237616132333237353965
35393664306364646531336666343864623531353430616338653330346264623436656465383661
37386162653636633635303561383638313835636562333638633537326166623631363564333263
63613164373366643930656232303838323138396331333730306234613462666663393238383363
61313464663836666331376137336633656166396232653233306134336633656332396235633235
32313831653637353063373132316330343935623863313132363931373136396333323637386134
36623238353863313731356437376338366363646239326661303030383363656439373534616230
64376538643333633530356263343230626132306132333666313363363631666665333838666139
38316363383934366466383861626463303137633832323635316266623238363734386236343631
31343562343830343862643633313330373637656263613835356366366465623531386136646537
32393939386233623736613539313233333963626338366461393935613738323366646264656262
31646562313135363832373538386431363762303337636664636232306137613532613261353638
66396161373331356133656233373634303631373032326338383066336234623033646636613134
63633538613565326565626231383439623136663364343832393730356162636537303531346336
62393862626163383638326239613137626537646365343233306538663230663166386438376231
62633266393665396438326464316432323935393133663639306638653662643639303361653332
63393463623666323664643135346562626666636238386630333138303264326137343636383635
63373366633264393335303335323935626531633438343837646230343934356562623537326135
38313966343763336362333362356464323336346536613832623734626662616434393635393432
61623137396666306539633661303835396134636237613264393165663235646464396231373331
34383731363165303737623537346531393438376437323236313537313464366231313236613834
65613738333639616232383634376232646537653037616331323361326562633063616235346434
65333062353832613661626362613439653264396635623038363937616631353932643361353366
37386231393065393131346334613863616236323661303538373432363031666637323465323666
39646562616263346332643335633563363965306530373639306631656330396438626561376137
66333036326538366232666163366361633637346532386166316563663763333237373235396236
34383030313566393262313165633638623262336165346134383164393732663434363764653237
61383332633236396638306362316461646331666265326264373162303731633230613063613464
626430313135373333666632313761373930
