$ANSIBLE_VAULT;1.1;AES256
62386565323465303937356339363466326232323430383666326466613130336366356238636662
6634336164663437356530646661336564313861386364630a646532653834346630343462303332
38643137393030656632636630353763333230633532633162623637386561656335323530613136
6164656464636531350a323830663664343839343164306633313930383033646263373436633833
62366261616239303166386634323161633662316633323131633130386331316465313761306237
64646462646633336433326565646565373732366335316236386139643737633562613834313037
33636539313833656130666433316263636539316166336132363636323166353364303738636232
36643533626565626466386365326365663632343564373930633434633130323639646465643563
31623465356166633762366236626435306330353265323661623961613437643364636238353938
62653864393331313661386361613637393237323035303938633661333231613931633230383935
39333337313037366464653432663833353063356566306237616235376635323962323462373639
64636361653730663038663565633062636464306530663461353361393062613864313337666536
33393739623130633231623234633662336538396662626436366331626566323631356665646663
66346266346333346433326366636636343937663236656631623633313863653033353837393532
64326330633430623865626533303231376637303835643335633036623061643362303031663361
35373030323830343063386134653062313465363063613261313763353334346133396435343030
36636535346632306663376261306363363534393436306633666564376163633364363062343332
34623534313362376466343935373066346163623833326436663232326238376433656437623133
39356534643362313237643566633331623039376334633632363461303166383964383265383566
34313735316461666137393735383865376139386361343632323764326361626165356634383733
37666239663339303263663035626539323430666363376231386366643131663363643332323638
66633964323538376131623536646630646436313262343433323864373965343634373234623130
39616161663761323535623836623966316461613931663163306434633830343466323464343762
63666133336164303134663039336631303239333363663237336537636635303364356361313437
39626464333934656539633537373036643266623662323463646334373664333531643764333532
62653330313732303837323731396430303366303634323062316336653031663534663465663438
30333436343631333965326334353562303464393636616563346465336131623461653535666234
64633935383665663437363966666562626338636439316536366535373339383465313737396533
34643561313230653133666331653365663232613631373766623631346566373763353462616139
30386537313461303566313261663634366234633431666633383539653666633130326363656133
31366130316631373632623266376136303233313333383866306335623532346566333565313361
36363935666632623136646164316265656363623337633665336339666264333232346330373838
36326435333636633835333937653263323364663165313163373462346234326536656132373662
65663964663361383932303961613234636266333639346565623232613530316363656437376162
34653931373639383234373836626632316236336662313238346130393636626565396634376531
30643261396563363939663434626563343134323363356662633862366231346131303134393032
66306431363135396665656233363864396463336664643032363531333935343333386138313936
30376161656663666238353534623333346439353238663536653565326565616532353436303833
35643464663634643864326464393533343134356263303437343735373562366162363930643535
64366563306534323737656338356662636139323830373134303634363636393532626238643739
34666661643638306465623832353735303931376337373333326336653937663337306366646134
36353736633239383164326235343861333631356431653237623063373863656365633932653039
39333563663635613136636335613833653465306438306535313431613865323165303165363631
61373362323132643634363033363239393332343136626236396133303735373136626532306661
66633031636331393730336236633664336261396132323532303030623235366432626664306537
36323233386130633466613563323765653636353733333230373231386631336234326462636234
39313035616261616430376136643861663166633135343136353336613930653630343230333033
32343632383462383534353230623332623661663135646230663961616431396235633663366263
33646135313663306238613238663733353265356133366230636661633365393930343231316163
39333032363430653438643637616134666330303266623862636134343130333337353239343931
63303139646533656639623164336463386464663331373866646461356335306530346263336464
30396130373635363061626164376537313132393734333465303839393539643136306338653463
39363236353063303038663662313033646238616535626134376536343064633931393530643034
32323633666165336361306333376161363930333737386362303664643039373439616562623637
39653161666363316266343633323938663632346338616166383064366565616233643636323436
31386562386339383734363233316634383539623031353039663430663133393663323136383534
62303164313736643162363539653531356432333339373764356431636664353662663637323535
35353061383033386231623565373436636366666237626666376434633165353932366364616664
62643835396435313466313732363437646536323830616263643139653165376161633364313931
66653763623564343336363461303839633830636263656266643936313639643162343231653461
63323463363061623966303662633032323032326261326130333761663663643837383835393661
65616337646664643538383063623736353434353061636565353563346530346466313865306162
32316364623335303133633435326562346632303065393638663932623439643830346565313539
35643839313930346261366332343363653931636564613665336639623335376135623931633232
33363935356631663563613536366133383438643264643931393035376536323166373333646165
33316662373639303931316263623465613735616331373734313933386563363165643765376666
38633032343061663266346131383463646136636464653861373632626238386539656665343438
65383264373135643263306164346364343330643531316561386662653633636137373666616439
31336664376236633962623238396364616438613233376433336362363036653966393731313265
64313164333266353231306264346331326434386137613230653064663864376437613635653364
33393734303434626330313738376534356363663532393762303661353361653038353731346337
66613261333539336138376339373163393430313430326637323632663461656465613036313466
32366437626263646138313963626136623261336434333362613530316139633133376266376334
37666337386263343838373863643135363864326430393531626162613631313734636264613464
38656235636162336532323636323661616539346533343563346464373033656339616132663363
66666464666630333965373434396164393937303430386666333036616637396431313063326364
38333164393031396461376231333265306439313533356433666632353864636436336666653439
37623961653862323530643666303238386366333636303436653439666630303566643163383764
66643264313232323736616539373565626530303261373433373765663836343266653330396264
35666339646236626631306565623438303235316462356565633639646239326561663030643938
6637
