$ANSIBLE_VAULT;1.1;AES256
37346636316463656430303237356239646137333066646436343138386164363737306137653763
3961363530353532613362626335383366636564623838390a313332663435333235623035393566
62666565623663666662363434633936636634613762613831616635323336323564343638666631
6139346631636338300a646665336562663135313736663338643164303637386261643832326135
61386365393139333266363230626330663366326364376439316534343464373031646465663939
36656330343965646539356334666662626564633061666230383534383935353865383162383538
31343562663863633161343639613764623139386561396662363839393536636431366339633566
31636236663636393832643637656337623763376536646234363664366530316663666664366535
64316337316139616161653233346536646638386466376635323936373166356532393264396661
66383235306361666536336332626263663532396133336566646436623133653664396539333433
36336632373833363462656538313662623562396636356434643332633336376339316433333933
30376632363932663132346664303832353136366335303966356662633636316535346231356632
38613434383836333361353664326332616361356435363331656238393362623332356131373838
66383137623732363136636339393164386366396136373764646235336132343265393734386364
36666531396462646139663161343062323562636162346264636231383866386336353764323033
61656563386466643136323935656166386434336439306631633635373530326161383630623866
62623165656265376131663565373130313562323338613832653031353631363465386365396130
66303339336263326264666561643438386638643130323731663237336563353630643066666533
65373964373231336666376435353038613036343336653165643539623238616235663563623737
64353361393131653264323830396632326664373362646332316162396236353331396231666464
31666336386636366265393966663135636662663238623334613465613039353466353234396534
61623662643365623937363534316434346635616566393530383163366330366633373839646336
61386433646535373264656336353235643235356465663564383564653939623634666463333636
64323636353639316632373538663766303763303138376533663262616136326430333663383831
34316336393362346530633834613035386431636632646633373737333163656330663465396264
35343432343963393037613261346236306435306233303662306165366238663763303763323461
31326161653439313565626133303838383635626531383964633337363038386539386534363065
32633637336465353532393930613831343333353837383664336535623135613634656564616435
37623730346637386261626364656237346161326430303935383837363966383538633236326335
63323962356533626338613434323461386264663661366665363566653863353962323135363235
37313765653635376364633538626464623735626666326465653139376334323436323264356231
33643438306330353463613765376432306665616362376365333166633339396136336361326536
33306331653230626562636666323330633139633930613032363437303362343764393432623238
30656337313563653136383936663234623832323666396662343361383031366666363866373231
62626131626366663337636234333862663162343666393030333465656235646265666463323866
65386334616461343130383964373633346663373735373339643065316561646336353363643534
33343661613530343162363762353133303832343332376132386231363435383361
