$ANSIBLE_VAULT;1.1;AES256
37616433343339343333376562653532363064666135353539656636613964386432623235363731
6337613066356665346665396466633165303266336535610a356531666237616166623063383034
33623434626538333762373735383536633738333832316537613936613530366665653139313461
3131633731363634630a323061643232376531643364336335333835396133643334303238646662
39303435346564353835393633633864393361613437373631646663333965613437363633353635
31303439356435303466633736346430643139643430333066613161363436616131656438386338
36623932663334626636623839306561316137313930343761633964623137616338303739313665
33396130373161663064313037636432373864363935626538346539633137623161303366326261
37666265313966306166373966353136653063666337333762663337366461336639623831663234
32626462343361306638613730636139303163313535326663333261623537663435656436316561
38623965373664303532656331333063643665633735316330343633643562313965623261663538
38626161623830623935316433623632356532316137633763666265663765303863393130316234
32313662623836643838303239653565346461646337666336383066386164633134363136636566
63653132343165643636613238663662353232353862326334356563663865333861316339313833
32393932363932393232366164643330323233313133326639306263383934643635343438343635
62343161356233323464616531646163336536363633646266613635326264323137666331343461
34333237343234343837633165396362666331616465303834343163643039623132623138333635
38393262636431363664633761343766636139356361393362363635616161346233303032353135
34323530396234663639346337666238393237326162343465626435396333313932363639666163
61613238343462363337353634326162313162353234366538663664633038396436326639666632
34616366316136623231303538323939666135393735346539363066623533343632646565373236
36663537643434363562343735623638623931333236616338613264336362373733653936336462
31303331373339303434633436393039376138376666373966616132353061613564323630393233
32623731346132373565666236343262373033326166336534363838346465666663353538316261
31396264393033333264366561393030633266386265356231313662393461616137393362346631
65613363303364663162646138633762633134633166363836643865353265646236623634306265
30363065336562323961386665363235323236396462623136373932383465616238333338626134
66616231396337393066646130303931646539323432613139393135633561333564623231653761
61376538393431646166366464326531646630643236373435643333333338393231313835633166
65306266343135393264343634366661343934653635623838623939346637666238616133636333
66316131666130393561396335383530663862353837306636303739656436343532393534643961
38653134343538666539643230353230353765353736336630353265643933616533316537396431
31343631313664346461376632343637353664343663333030636632623463653938386263643762
32633531656336666638353537653239616263386163363564313761386138313265373730626264
66643930336133613664656539396661656363393831343566316462383738666533353138396238
30306130643939316637393861323663663931636238313939363862323137613436336263323834
64326137626432666539326631333835356433613237356338353132343966373864363664303937
32653837363936653532383530343837313464656431316131326234623436313733383565306339
65663135333239306364636138393661333362363031626234343061373037366336663339643164
65346336323162613931373962663733646339353930373765376164333237306363306130386331
66353933373965653036373439663731333239633633336664616262316666383861616265333739
39316266646666633439383537383938366634633566643234646239313530343833333461373866
32323335623036386531396466393030303835396439356262666663353338656330636263646338
64613936616261326162643136343461383565636566303936663230656133316661303639326365
32336234326237343134626462623961613930373662646535333962396231653637356436353163
32313265656439373966666266666136383866613465646463643037363832363866353932646361
61656433386132353134643131656461373166373562396461323261656464666430353364386639
36326361313162333136613236336637343762666265343562646533656262633164623836616433
31633963356361663134616331396137633063383237653439366132616232616431616336616335
38353633343166323837626236333166636231663833636564303038313636653233616237336262
61376466366239323831346463353666643634393430626562373932396662663634363634613164
33653161613161636461653866663361393838613962336338326230356535623864616362386136
36366364616632653263636435313936613636663964363030643763663632633862316461366365
33396161313235666464323261313332313238306134323531663339626332613534363135303964
35353030663631613231643363363661383734373930616265663130613263313131303235376634
65633366313831353731303532396431616465623564373539663631393666303833326139653263
36643864353934343737623563626430313133386464636566386334373331353534373233363934
64333731353034376466343864626565653933633231626132663937386532633235323166343039
33656261393533353239373833346534396135643266303964313732616530376437366334316462
31323836343836343438646636306234626561663639613663633230323732363231366332633736
39393632383136376239653166343333316335623338326563313862623964643564623431336239
64376162623164646630363139666136306335383061393239373763613731366662636265373930
39636338663139653538663035396634613238636564643436346137626233396132323862323430
66346564373834316632636234386630316333326333623865636432306666383661653230313733
39323736643036333436663265306634326230303834313666396535313965663461323631386663
35396466636535343164666334646638366534373632626261666237376563633530616365363436
33333864653239363865616233646561643133306165326362376361306638623962316339613236
33643230333334333362316162613937326530366636386662663039336366633365633235643131
64343065336165306539366366363766323537376135623437393936643035653963613738623936
31393832323861356462336332656561343461326334386133333130396531636364653734323165
32376232363338336632623135313537323838353532613165656238336434363533626630646539
34393666333164393139626463333532636364636439393761646131303562663266336337613930
66616561326136633433623330633762373639393839303033623230353630663935393763313162
32376234653530323661336338323662646538303337336138303837653932313461306264663531
32383363636433656262323961376133643431386535643534613234653233656639643538626137
62393065353861626433313865383436306432383038383663616162343865613764636366303834
32376439343335633332623039646437623062303866363134613761643764623232323937386664
32393836376438383930346638353131653362303732356639373966636336643231623335626638
61303731353862663766626638316537356236346633346664633238643934353665323865333431
61356630363537613338396535316430613162623236386333336636666233326136353332396635
39663163316538313064373465383731306364353837636664363732646333376263396162343965
64343239313737313538316236396266663735363832303238663132353439393364306638383737
39373766353465386530353465653865363831366562613963333864306466333563613332303630
65383266636337316530643132396436633765323838313930656565306539393738636339646465
33333862303262323339303630303461373566373935613031663730666533303730663435396534
32613636393337613839646563303536636638643765396231313334396636663962303634633264
37343839343337643438636266353334376335303034343164323562346432316532393137663533
39316530396434363837613138316461383838663437653164363630333166333937363937643761
34646534393432626139376466336339313063653663356563363662643266633736656337333066
62626536623632626433363834373363376539386437393334313964373837623539356564623934
39396566656339333439613766363836326564333834306238346565636237356663306561386463
38633637363138623231396464356131353939343433333765303835653565306536663830383232
64616565393464393839353261623035636331363538633030313930336464363962623365366263
33353332383935663734366333356164343363353339636266663434653164373464373739633264
39613164363161663535303033366434643230313630333839343263666236333633393938393262
65313362393066636663336531316631303537613366363232383538363132393933376662623231
62326234336462306139643838306637643132653939613965666135323635363464373131306333
34313335653838306331383433623466363132636435623839366331396665343339633532396236
39323039623565346131366566336563336539646364656366386330626462306464313538336331
62336166303134636561623161633835663265323237303065316131343637666238653232636334
38346330623264363337376161396535313731393465343737613961323365336531373064306563
31643662333439366563373165646232633562386432313961336238653235643365363336383839
38353032393634333865633730393737333338356635313033323934303837366135633037303038
63363661313964333135643734346435376336383137346463633732386662343862386365636364
63356237656264626161646435343936316432306330366231396333656465376335656638646531
36393634333561666164633065633066343931363064323862336464393734336638666266653335
37656165363130313431333030393435326261626164356438366338623530636436623666663763
30623861326331643661643733313731373933653139313133303464393437346266633232313464
65343161653330613735653461393234366535346662323731356536393934623635336138653831
65333064636638336233353439323262396331643833343866616561626331313730323233626633
39383332616163656234346232623036653230326533356331313035376533366130353532663962
66666366373565303930313365363539303965373438336434313637616561666365653437386334
37346361636538653339643362643739633135383461346565663935663030643330633666336165
38383133646538613566363837353637656631643136393461306532303636626332656433623631
32323263636637313230616631373563393134313733393361633637336233393737633765356664
31303538356439396163633136393531323236636165393864663363383761353165336134386436
32643234336161393730326562616664653263393964326233333130616439306635616163653861
37363538343532663834396164366634646664656337616135333064623062633137663263386562
63643334396539633761646362316565343765313438393862366339363838303030666661366438
39346361306164323438386163323664353634323332323933366631313463366266383366376265
64373733353462373232626531366166623133633039376232373132376361646538383534626363
32313962313364666234643566346136386162383537626135363762386334643736306634363839
64396561373130616464663737633264356334616335303938326636366566623561636437383836
31386530383137373235326638353366653836633864646639386264383035643232343561366339
33353264343139643366663833313864323935356535316230643339356433303937633839663837
38303730306365646531373934323064386135373330636234306635373236383238386562616662
37326165303762366237393733343935343466656462333366663263653065623061363633303137
39303933316463643735383461393962373537303439626539663764643133323230653264393837
31666330303239616562303836376537353338656665373063303339313732666365333834396633
39376337326233623335343438343334313031363936623131323835313031373666373464363135
35623062336363336462393663346532363937666336646163386263316339626639633935633338
33656634333037633539343732316462653438383861356430393765666366656336663531663965
64633761613362613830653536633263373465366163646662386439316666313239373465303135
39323761343039643236383436393632643761306330346466333062326237386131663739613963
65353737393936626639636336366332346363316561386237626530366637383566346133613161
37313139386165313930656366306537643635646631383935396431613837393535393365393532
31336564316134313338316163626463633662646633396137303963663530626330333962393131
33396335386139333461636166303262626136623238333930663662393237353662373666626633
65633438383864336261396661393664316264643730343338303766643437313033663931353163
37366666643166626639656662336432353965323164303064343135633334613261653238363164
63396235633161346631613735653764316664303663643938623663653732396536333834323533
32346264323663383366626263626266623632316430383830656565613466666132393037313136
31643335633366633566336163323466353463356336396635343032346632313730353037356266
36353363633838616663653064643565363932323635363137626331616163353637643731613731
38626663313136623537393131396561663331323630336566343266303035616564386334353464
66633137333263623536646463363363613432323232666563663730653132663235306632373635
37663236323435373236313666396133613437343137623935346334376466323739333234613536
34306132393962303463663138623536383336623964653465626232313965303261373632326162
30633938373562383434393633343135306534303737666335643061663931666162323162306166
37376661623564663832343062653639393262326266663735313738373239353639356535663430
64623437333030303831623232303465316465353663643536326131393531646562333537616162
35326431336530343063653134613764653636333936326334663632383839306136303636356535
32386333636563383339386139343737636232356133663335346331323133616662633461646435
37333630656363613533393363333861333661303433316664656263666161346531643235656362
34656639656165346136303163356335326238353730323861343330383863383032326334373732
39653436386263363932626635613835393032636337393436306535616131363735306634623231
30313335323932346666653161623632323065343036336232386336653234663266356365366438
64653430303964356162393164383135636363326632613531386263356236313664666638383061
64303237613231616636373265356263623665366133663765663136363164393537343136616133
34626463343737656234393537393033363061373630326637383165613434386230323263353631
37646537356566333561323135386231386234353866316333613339396262313364393565666164
38623466656230623737653731373762363032396138626561656333303335303132633034636538
61386164383033353761666633303438653331626430376132313562333364303166653837643438
61626464383037303934666661616364653231626330376433393432353339636234663534646162
39663931366362613337646465366664336465313632613066386363356265363962633638353936
34626366313561366165616630393330656532623330363064313734653662373738653133313539
64643432386336623761366238306161323935336361396234626330356433643566383037643665
30356334333935643262316563363035646566376661353331313430653666623566643262333230
66376539613064383335366361376531393363623261396363313764376232653936366631643239
61313838353638613936613339303433636130656632326637313538626561623337653963653932
34343063626138356332613936323631353333653837643535613336316530653262336463646463
38653566613337343765316430383633366130383663333566353937326361396438303632383163
35643361373364373330323564393862386135653632363237356235323866633637336162346130
31316365656464323132656166346133333034313164336232613464656539326238333837343535
35376237303863393030633937323738383064336362373962663634383131353334333236336536
36653665636439653136636233356564353831346434626161633165393732386265373964306163
64323566356334393462393764376333663666336535383464306136333262613533323133393438
31396431323035313536383061336362613034396336656637353734336165613464656361633030
62303365646531343732393836356332366666336137633566346137303663646262643138623266
61313366353234326236356535353164613435333435383461616436663766623434663262623764
65376332663730346136643435616465336234656432303866363734333061393665366262323463
39313330386133336231623461353964656234386238306335633030663262613466613630623130
65333062353661666565306365643539633432363231383665393965633131323837366432336338
31356236653663623365653230386131303736643265363763613239323131396465366535346630
63303865623537383465633631626162663330366535373238616636383832313363396435656235
62613965616533373036643639386462393436373239636637623337623362633331376461353234
63393737626434373833343931383232363732646430623433353436613535386366653933346664
64633465333537636334333336363364303231336338333835303631646331316639393464613564
37383038643635343164633765656234666631616638613139373664363064376233646631646436
34383566353630613961313961303031316534633966633233366334633332316361643832653230
63343237383838643134383730303165353064616138396132333132326562633634353737393836
66663437353938356234323465626430303439393065393638333964373463326235373731616439
38663965646232363034656266393561616531326336643766633864633164343338383663616136
3462643164653862646439313136656163636430643635666636
