$ANSIBLE_VAULT;1.1;AES256
66376133343362313738303639383039346663316137643764393866336335363165336430393639
6236383235633533366334663439323733363863623262380a323237373831313132303861393233
36613733323537376331373534373965633262306263626362316132636162303631336264343035
6330383636363962650a323763336461623266336162323331353938356231336264663963363532
36366530363434613136633565643836623966353332373731313535636236663666363662366563
38353233353135613435323534326338386663323733393038343633636463386138343263343263
39383935396263643264383831363732373663616230646236633230316632616362366538356638
65656231393261313864306330643632653434366334643262656333623935636630363661393933
64373462613263646161346464656566346630326539653130366339646232643031363237613536
33613462373632633232656430373034633064656166663965613665373338653864633232393838
65616135666164313237356661663733626266613466666539643738613637353834343262376465
36333961643361336430303261373164386262333033363234343532313739636163393836386430
62316464663461613633353637343339313966626161353836353137633235343337393531626430
62643566633131623365373439653839326563356132366235636465313233613736363435313132
31393730313430326334366462646665633531663233383237343335396266653633376632393761
37363837663535366336643336623563653836383737306561356335633763356264346263393139
30323861656364636230613363653666303963363935616566323038333266306338306333663430
62373535626335643839316537666439656162323161643563326166643562353632663266333364
66663066323333643364383634373161653236396564383230366165353532393465373235613231
30323062653230396630383830613062636364316637653165396366613534323234346663356166
32376331356366646461343134353231353333626665666534666462653032326662303666363363
61653334616566663064653463373961336137303033333666313261383833393362396336323538
37626236633766346565376664383866633538323834316539326136306633613662616663656266
33666363373163373630386165326433383031343966616238353362393762616233643666363162
30316137646538643737653931346564393737656631303731303938636464376631386135383130
34323761636362363461343932393538646434323437633039653264396331356533366431663933
62643562313735643062656632643561643762376566383438363733343831316363653739383731
35343461376664396636306163393332666265386536343134393436373832333866316464313632
38306630356637333038343033626532396138656638653266306461383066636434
