$ANSIBLE_VAULT;1.1;AES256
64636161373864323132376364623038343162393730643636323064646131346339376332636164
6461326130333166633566373666356539623339626439300a623963623838343830353332303430
35613166653336633133383662333664333732353035383065643761643134326635373633656236
3136346662663861650a316237623132333431616430356537383239386231326639653661323531
38643831363862343631303633303330313231656238346331303930316137326538363061353134
37353332643437396239376465623232393363613031336366666162336162633030346334396538
38303436643664653835653830323633636234626535323834653738633864363061343636373335
39393037663130313764313066356433313438333838343834616666613265343031616133376532
64616336616463643832626562323064373230343230336162663930346665313138643538366238
38323466383230633063663530366465323535663831363731633633393233626536393762393966
31333365336361346164623734643466346332383635356162333462663631663232653364363437
61346663663566333366323666633735353162373934313433373032633432616332383430616538
62366361396139616137323962613638356235353634653538326138636233636436336432636665
64323138623461613066386262343330306364643939336662366133356662363834373464383065
39346338633438346132626134306130313065373462656435643362373838653538633465616432
66333232353466396662346264373562336266376462656534383963313032353035623066363065
64393666656633633062646463323735613838643836663039306166346234626532313037656538
63636661653338333130353561623361666664643036323433613438626131653861313264616637
33336539643837643863343561633166326335343462353963623164386162653630653266363037
35353962346639306531383738343936366564643631656434653637326539663434333132613662
31643733653466666532303565356432633330313737306162646338326637663633613631656433
62353737386433653331633634323539663233343335613164356139336363613664366239633565
39353939323966663638313838333764613539613763313933313735333164353062643365396535
33366165363538343566333966366431386364653932666532386662633461333231303465643633
35346537333563333432333036633738363334646333323232396235643261616464396666343638
36643736303263653535363138393066383133663864643930303364306239316165316563353966
31346336363762646137373363333330333634356533343433663565306365383738393761303635
33636664643034613965636136373039393134646335363435663466646132626163623236656166
65646333636635333038323638613737363561333663343061323536396233316464323366303036
33356435653036386635366135323636373435653065333836643834656233353165643538353034
38373637323365613166316264353834643934663039636666333030303862313330313636626263
66303039613764306333323633306564346636336438333137633738643563336532616230333662
63373761336665623261323336616666346231356661376637653431646136393165373961666339
31623334666162613936373435386661393931356534383863613636373435623266306333383330
39366339333735343739643366393661656233653830653038636262353538363463326432633166
65306366656161336664623732386262313731356335373366663537333934613162393063663665
61373435323734376337376261393361356138643834316466643138343931356136613432333930
62626162636537373936383232653834393231346231623238366237636564333632393938366639
656634333136353439353532396430333566
