$ANSIBLE_VAULT;1.1;AES256
32353838316539316665336339653161613661653962653865326630613765336234616561656264
6163653961613731326430656263333038646630333034340a363838303534656463343964653632
65643537306632666265363764646337663762333030323361376562653331656639323064343038
6237376465343731630a613965643562353466636461343537633136326464373534653865366361
35353231323335373335383965326463376539356234323461383636613137613739303434306136
61373737616533656164373362666265323838333938626238323730336137373037613937656461
35303236393532353263393263303661376666366638383731373465353661363136356439646238
62633763653837383465353334633438313833343565356366626630623935616265316163383736
36303832626232613039376437633863323935393330343539383061666238636562343862386430
32653463346338366462323537383439633233313861663130393334326132306364376635353837
62346334343031353665363437666639346262323236326465306131363738353566626565346338
65373733623564316363656563313865386165383664616263366265333734646363396137363936
33306361353561333462343131326133393736383233623731303632363464663932346232363762
39376265636637363135613563366131643166343664373266333462643637653565303961366332
65313163656132333666346264343530643362666533623236643739333831663831643738366339
33646536393431323933393962383434323432306161393138336665636466303564393830343532
39633737623963303538353062343964303765663030396639343861633736626265303631313963
38386433343963343133623335396337336335363130333832646165346164363031313463316538
38653131353662386537333334613665313936666462393238303131633865643966616238393935
37666263633866393134326437666532303665613164346537316532366361316337356437633635
66313938656265613536643431323861306363383230613833613830306564306365393333643038
31636635343331363265636339396539626439653366373736396436316138326363656232636565
31336535633764626537326538626665396630393138393636613762663437343630306532323735
61363732626165323037313164633435653466346265303865633237656538323237626533363532
37303134373564383661356161653965353132653262613835613439656363343665346164383730
65343435363132386361323164653766313162346631613261383136303965346436636662666533
37646363353262313333383634643661336131643231616665633738363962626433666638643835
31643434373837393238373561306539326137626564633939343432623164333266303537393031
63333633613037633034316561653535393737383031386239353364373462653663366635343338
35393864616530353634333632346233386466666333613838346430353638306634366339306531
37643861373764623334363731633838393937653362383236343736396635313039363763366632
61366631386236383066646432386365323237313065623261613037366163353262623039356263
63396666653266616431383565343137343765323666303835386461356339393061356263343234
64333864666234383261383264666165343934373337326333643037303332353038383130356637
37633237643131636135376464613238326431303037326231666538333230623337663032343333
35376164343266306664333139353161303061333134353534376636623538313131373732643433
66386662643132373062646463366465663731653938663534376431313365383635656665353035
66333961356262333464653231656331396262616336376236336239623761356666636535353964
62646439333433663463653737636434366565396661616238623861333230613330306163323632
35353836626432396665633535373364376565636466353433633237633532373464613139373637
61393131353964373664313633333335316332646539323934616465393566373866303831363239
30353933306233343339323832386532326138626562303438316139613930633861636338663031
61396430303933396332346465666534396365363931306634616262633134653362343132626134
33373639666131643466383234306565343036626337313631626536666363623034346462346365
35666232383765363137653435356434323131626339366136316335633632636462656166396362
66616534396436303738363039383031396265626162666363663434383830616661326162306139
35333962663435323232303135326462383665636433323533366438383363343261326165366438
32383130613862366234663234306537383331306338613862376365636635356339643661373539
36363362326337626637643236633866333236666430323465626532633439386437
