$ANSIBLE_VAULT;1.1;AES256
64636237643465306633616331383663356663623737316130373431383334353536643738373065
6532396230626564396238633038643939626533643538640a646136326461623239303962333230
33653331393366386638333935383330316134373836643839653061633034353432643536323662
6264393634343663610a306138393338643463653734333961643263633363383733643030656163
38313663663531333663346464346533373234396134653364616562356139303061386336306531
30373236376264383235663563323463383333326536623338376332643530613330626432643865
31323536303434633139333635356565373265623931303130366132363832383534383438326238
61616230313136613332393834313235343430363137326665313264653334313830316233633535
65316338396161363933333534633864373030653164316432383735363234386631313531366436
37313439316230613664643765373333656635353530383462376639336332636462383935663163
33303639366530636135393962613735636462646636323262386639313265346464353131386337
33393930626532343231616630386239666435643733333536643866393832663337373533663765
65366135333937636466323535633964613261366366646335333530353265626261366366376635
38623864303838333263613837666561326630303463396235306533613936336663356565616361
33323037326438613462393037323662346132323336613237353238333930386233333239313864
36613333613764663935386430343565366331636133316362316635313031383563336430373334
32633737323763393930346237656136363165646433376433633031363361383431373134383838
35326466616536366338383634616238666339656334346464376230366539366638303463653034
32663265303132303030336330383563386237373566646261373130306339646266663533333131
63393639613237663737656630363838386632396131323130383932613763623036303564616139
37316135653866303433303735353134646634303662303731643461623831383566363434353433
30666334343939346637636437393663346564646231373364333165383437373537613231616634
64666536303734656564633433373537396139346166656466343362336338383263303731373533
32343266353733643835373231386562373062653533373431613963663932323866393965636639
63396561363631363563363036323564666432653730616662646233633236663565643066303463
37656337366235333665623239633832366531316136343964303637323938616437333232303464
38326361353838313932333864643866376462346332626530336533396464613539316266313062
64383234353231343434643631316337336535313461333865313466376432346464633537396163
39356165383739313138336136376636333464386232623033626538663063393839386539353134
31313339316632383766646266396431336266303530316563333663343364316231363465666366
66313239363332646131313637346663336236663231323863323266643331653064663438386434
65373533636230336138643862656234353730306461613864336162666635666436393465373935
35316161333461633562616639613432353231616537666261653435373834613662353231646164
64373330633538623330383362663665353962306364323236653534666436663232616437356631
38626364323933323062666538646163306135656463363533333665636231336563326334373934
34666466353362333338366362363431316230343761653437643833376532346637316662613665
38323135303630373034323332316535383934336535613966323034343331326331643638623337
62396563343336663264393730616462363338663735643539653435616362313038636237333264
33303935316664326135623061306164373838613561323366663866313738663632373962613665
65636439626362346132646566353665386636666139343665333164373331393861366236306464
62383732616334366461363030313834626565623734343631666234616133366530376434333066
33316363376265333933313662393534373039343832393431646638323630396133363032373462
37653763386133383136343461363961363634663039323930333737616563336461346561663534
63376437396135323837663661393036346131383531616132396236633336636439396361356362
35373335653731613733343363343766313034343661663731356631663935323663633932316439
33303131353030346435663466653332353133386232366336366239373036323961666537616539
64656431313264346636623761333036393534323261613261663730623139663161633063303536
65646366333861626236366533613137353662313631303735646364643463653034626563393230
36336531613638363866616265613736613761383962623734396362626636336135323335653239
39316139336437353466613536363664616534653332303634303232313932363031306335303833
65303861323962333430353739383465363336373934663065323561663838643432343938393234
38316266653236646239623936303335346130343962363663376365376238623933653438633163
33656333316163323733346163656638623739663736326663356136623732343334366563303534
61386663326230356264333464643535656665623736376336353937653037343765633761366531
38666265616463373062323262613631393137333835386539643361326466663666323862326235
35326637636264633939366236613437643535353237316565346135373263393265623162383963
31303566303561376261656130373431343939353835383438316639626662643431393761626164
64316537653833623732376162383931653938393239636565303963363538326163383065346332
33633738343535306635356434633932316164646362333834353537656165373566623637343637
39666333386631343136656366313661373462393734356364656436656630366466316538306162
65363235373764373733343837386133313934316135303664316234383735356337393066326634
33336162336163316132613036646565646561616130366339363933343033333664653339303866
62316564396433393062306232653334313232663531613033316132336563333233386531333662
64613262373864386262623038333936633864633965636531393435386338653832356265613332
64333965333530653635333234303834376230323530313462343038666263613437366539633936
3036653130646166343130373661336561393337346138343638
