$ANSIBLE_VAULT;1.1;AES256
36613161393635333764393337613637343435393037303961306662316534333939333139333337
6163323465623764313737363165316662343265386236630a343034303434343235643235353964
36303531303733333634316535346633313130356437396462666236356466326166356135306361
6138383233313636650a656239653935626430646438383736383965633162343338396432616137
30376136366433643233383835333836393063653662303236303238656434366665373534613336
30306233363237363563326565323261333238396332323466646435313336363136373138336462
63646234306265613862353532383663386537303666366339383063666165306230346565366366
38633939333533646364323632313930396361393432313637323165366165366236383935393032
31383633653435326563613064363565653064323063343139316635326664336137373364633632
35353033393465633864643738353561653461396330363234336666313731636261343263353935
34656234343761663539316638343664303033613338666166393962646365373433313862353062
62623835663761313731666263663032623063316435383164626139303435326431646534666663
61626334643462393135343766623265363731383234373234313265633637323837313865333038
35336536663737373037383961316330343365383435353665376437643062653066663361323062
63363564356661393433636133396532303937313039656637353763656436353036346136336234
34303962383131323732386664373533663661646365366632366266643030396436376438326465
38623938613965633361656439323338383862336539366336306438653637373463613038313136
35303163626539616438626331306333363830623236663961643239633362623362623434636366
39373430653533633133363635653433346635663434396562363430626133383131396134636636
33306166653261643764613831393534623538386165346238656235666665333262316563373630
31323134383765636363663632383932646132626638663261656335346265346237353535313730
62333661633338303039653361623363303436396639343132306365626537373739393664396434
34623339386663303335353335373738633030636131373931626663653938363334366137326466
62663634633230313539373265626134643866643338323762663266656533383065316565396635
62343263623833313633346465366232303033653933336531363039616561343932393639666666
64353034363563396563666464353066313036363139393365656233326563363737343638346338
62313362313538636633343863373564393336323434316630646433353234386531666338366363
31336363383164626466306363336464313862623735626361613038663533323531336132373363
33383133366434636361393763333733376162353962313837313261323763333864363938613663
31336661306132366134376561323766313231333733333037646564326161643932393037366465
32656566616462383662623433316334636463643138326538646262306462376633653663393931
63656337653035303439633262623335343363333262313865653435633364636338616432323762
64353336333735666231393562616136623966306131303662353266313134356336383065613534
35663761313934306237383961336332356436613966393564653931653161396562353063346162
62323063363734613462393030363934353732643937636130316130633336633963356666363832
66343165646362376331616564653562366363353861646136366533356561373636616266363566
61626336306432656166313036303031386161353766353765613934393362303033636330623237
62313562306433393435313538313434323162653434323662373661306331653530306333386635
34623562316137373132643861386131623039373562353730626163343836633731633763633638
62383163376365633764336430656164646432356162356563333733663764636461653661646465
31663236323032626363333635356163336461366538656465333462626136616266613738623232
36353138383863326431656161616162333837663631393266393739323536663461386461666565
36356463313662333662663630646566663730623439616235323161393235373135336436393266
37323439396534326234663765636466306434633734343139633663656237383734303461613639
61366662316133396338643436623331366262613036616236633364303331373639376264623463
62636663306534313833333834333231323764343836636362323461663330373561323164386239
64343337313833326237356438373834353363316463303431396433366337613737316166373065
65306139313138393036306436393738373435666333666230303661373365366662396231353133
33323239666436386239366434373935356235663962643830336165343235643262653139653538
63613437326663323933653766643130326563303037646534383131616439663465396461653361
64656462646434656234666635366362376362643834343133333939633362313864646165336661
61643137386366343239376334386534356137376161303564626233376333663964666532656232
66633465396338343831306633313532626439613164356234326636643234646330363861633466
31336634306435363032363731363163613937373663633063313061303832323334366230316565
64666236323334653632306562653531343366303864616337636239306131363132663930396566
32373764356239363336316439316566636131383662333363636335623233613937643937326165
30626338643765333961646339636134343163336366313336666430353031366563356437366639
33653166386339613731363362343861653034656261313961363033393434303634363930343034
383933353464306331656637303361633132
