$ANSIBLE_VAULT;1.1;AES256
39373236353735613035373538336535323434376136313135666430316132313636343962343862
3035356535643930333038366537623930363865656439610a313163643736313134656135396362
39313365653766663964376461623931613138633037323230363965366138326233633034316232
3432623232323633620a366462666462393032623261623761326531376138353163333763363538
30643338376235633239336139616633333934316131613633666630643435643861376263303761
39626637353831626230373063366361616532613039303333643465396137313465653835316436
64383435323562663962313562336331353230313839616164663965333437623033623663353136
63326331336234653966633963396630366362633365363136393835303635373565613034613339
30653539356338623539353736343334313530326530376331623630333839373232623262303466
35303136643561376166613561646165303838616431366665346536373262623265653061613933
38383265323730366138343164316432616166396539666339626234613437313532616132383236
34653133663731663664646161383431356463376261646338636162326266386335646433363434
36646233306165653530643930323365613065356637633330343638313664623637323032326133
38656631366565356231343864396137343836633962363332393765313365363335323362336163
35336330363837623338383237396661306463373634323131633962393663363863633137396630
31333634383933356661633330663535306363343739653161613934333161643966393038653034
33646461316338633866373861626634356465303135646337326163656634643535373730616432
38376361363637396132356531613564353732353365646335303634396237346238623365313934
34386230613636323332346535653031656332633864363461306632313662626166333536336566
65373932323638316234663334303031396438656135366265653563373565343130313830616362
39346430613032613632363962616465326366393930313563343162633065346134
