$ANSIBLE_VAULT;1.1;AES256
30663663353736303065313662396631353535346638663536366630353862343236303464636430
6633646161623862663266303264656231613030363537610a616338626664646564333531383264
63323265343862633939316266653234633666333337353335306432636535316561326437643466
3466313865646434650a386132386533396435643166323539323435333531363534353631373963
32323237326530333633613266356666343263333063373533356434303532333333316433303032
31303834636565633633626337336136326365666465633036656634343266353439663063653037
39663836373532626530626561626265356461643963303730363865376232326662646435313433
36313363656263626237363965636635366138386561663335343332623136353266333632626431
38613035386430653338373239333936613236353638333532633266396134333066356633626332
37626161353466333930636431653033663162643862386433666437666435653732396265333236
30343665656465393334376662373237366261376365643334336134313438656133376132366465
30666632646539343939653631633466333962336262653066326261306462306361636666313231
39626337303961383861656261356665636464633262663739376239626666386630343765306562
31356261373932396136316661376266356637363762646531303663366534353664393239353965
63333762303932316335363332396435373730646137353561646136306561396131383832636336
39333538303630663731613137383766336565313133393864336130656365393035313337333665
62393835373561313264316335316265386437353563373335366438316361633638666337373834
31633933643262653231313666376638353361626466666565663366356133346366313063303839
33323433336663363734306432366364623966343664633032396664396531633037343930333938
38326330656535366464383237656362366565656238636533646534663336623562643338656439
37376466646439333763373536306261633932623135363961313864376339613938616431393261
62333333383263316539323262393961366662653735386565333231656334346638663837323763
63613536383465646563356138393462303164326530336431643566346132353337336436396432
63363939316139383539343535623838303630333630623333653036343834616661666533326233
65623134646461363963316361323930333637363636643232643838643037396538663438383437
63343835393965356338393562313733363338363039643966396334383337633265373937353434
30626531666332313631653138306264333735633137363734396630373165383035633031663164
35383863663831396361626130333031386334363537373664663936396565656239353631623265
35363933323733626463363265343132353937306439643562623261646536326134633139343631
38383036613933313662343030363663343261363466653962316338626438623266313930333265
32636133633136303134316633313162613262363836393962366137363535313437393839383538
32303261376166653063383966316233343566333861373961386536386239383535356634373431
62386462366662306332326465643765643263666131333630643933633563393030326366323239
33616139646339343531633635396435666438353266646166346635376262633130336632346530
63653565356330313638326162313133633663306366353631633732303738623137303932323133
35636630613434613032336665366436393733653430383038623162343031363865376338313933
62326132633631393138373134636235393335663961323034316261653337623431323336666234
35346466396338613234346234363131623030613963393631643430353037636239306635646339
35343066656638366438633534313066393338346137363839653934363763393663636363663062
65643662383063343131303230393730336633633436666635303264663861383563393433663562
34643632343831623966323237343765323665363066353563346630386532313734623537353739
63633437623761663135346531386433376631306233303237386163616430646432613237366539
38633737363638303962306237643661313439626634366665396330303331333266396233303931
62323461616533306130643631386564623434633735353035623664336533396630303764613361
61373035373631643563666366633466383061313964653334366136373261666635326361316333
31636566643638353333363632333461306633656235303235633130373436366633313262353934
32356266633230613337653031363930336563306632393830636132303634313338616438616463
34383339643432333561336338626236316534393161356630373632646561613339633634373639
32373131383365323833363431373262646365313664343931383831323835623364626165663665
34653463316437623830623836366533656635366638373931656261333262396535666133613334
31333632316238616163316632643936306264343764303837326431643534343130316166363463
66636235366236343434636166636662343265623266303437646664346434316563646164396635
32313164623864363032306538333065386264353732366662356639333235313630626239643462
33643934666131366235396137623161333534336139373732623232313861356237346531383239
34346662366431303937303339656133396535633633636533643061343433366333663364306362
32353736343031363736636135333162656331643434613862343535376363373435633534346533
63663566653831653733616431643137626438363735343539343265306264346636333238363463
62366465366431616539323462623530373162336164613835643535356234316531616332323631
30366532303534623365323334303465663235643664633463373337623966363063633034336135
35663639653137383932323438656565643261383266303831646566616565386362656435356262
62383333626165623632383563333135613130663165663161653033616234386166653632303532
65336435393164376136646563626562303665663036626136373730383136336430623239653834
66326263353836653234666366323538306631346462373062636532656132313236316634636464
36626336323632353462376537646161386562313237646332613832326137623662353865376461
31323636643161383362373931363062626637333631666265353639666563336666636538323234
63393430386462343962303939333530383163316665626366623866393937373639313933316164
36346434333663633836326461663361303735343166663838353064336237333661666664366231
37626662616330626132643633663562366434326433626435386137633664653566613836623337
61313731653663623866623736626234303665663162663563316163633135323336636131346531
31353031373263646363666462636463626638653832653035333462306664626364633166323563
31313436653162613433343763613730336632343035643565366464316562653634623833386531
39333263333631393438393330626533353631373662393431653831376466366535376432386663
63396266333365613930323533636161336463636536646334303934643335663865306661376563
30646461373661363434653539616265306264383031333336326564393063653564373139373133
66383364636664326163666332363961623964336663623363386130373137346430356437353936
62623635303263653031346462623634636339383137343663313831306335343531666230303533
33396234383564363336333436643863333863316565616263396532653963326564613038323735
65633938313635646132663066663063343165643464326332646262616561383631363862303765
35383232353863373866346366356261393835633637376236633063623065663139623362623737
39376436366363653736653530326533386364313663326430646366373239353233353164373336
31303031343934313439356534316636313862653465343531346331373135386238633261316134
35646631633163356166303930393231353830613865666662653965313564366164363737386438
65303937336262366363323066346538313033356565386433356430313435643838343265323762
38316633623261343738643362346263653335353163653062623536623535636432336263353030
37363264623463303766326365376231386363666532333534656264393039656536656662313264
34623163633136666266663364663762366164656133626535346337373137316163373964363633
37366536303162333264643462323161623363313862313731633937343032353633636536323762
37386338396636316237346137393063393138303663623336353533363630323436666132323339
36643138663439376662623133653738383562323237633262626130366663656233376635353930
66616432373962303465303032383363636230343361323834343935303331666233386639656265
36646639363339623064633732643934653631343138633631353661336261653133643237623631
33343263303366333165636637363134386262653630633766656264383339333936393261326434
38313066633565303730636431343838373136633933373733343266613930396134636439323564
31306432373965613838333436346436613562303864373761316638393362323937323534616334
61633234366662643732363039663936306433353838303539303435303663663266373931643934
31376438663936663333666666333765346136663666613166333832623862373137613230386465
36336335336234333732653961313766303463643166653262366430303964333565393461303164
38613432623131643764306637643363346431366466626138653637363332383031616264393261
31393730313362323463396436653632366562323933616434316664373736613466393234613561
66313135623764353665346161363633376664346233363439376161396662336662336336333666
38643635653364346666383139633236613463326263643365356137343462643338666631363037
35326334313337373465613463316431333630326437333538386631336166326462343765353139
39376263393165366533333164333561323132633664656339303966343065376366316433303835
36343230393461373132353366643735323065303438643139666464306236373831373439366432
61656463373833353431643061323934306566643163306531306238626333633831366537663435
31346139633439666139373731316139653235383538363539313036306535343032373830643065
61356634303832343639376433316136663232313861363866303333316136613864373130303337
36333361303331366132356361393861336562306137303238346465343039643933383735313736
36656662343439363161376530663563326332383430623434633333393432646263643665613837
35636534613661373666343231303933333566393238336535653138633063613933383835366564
30376434393966363666376137343038373365366139613632386664646638383538363464363736
39316636366536616463323531353933613032616439656361363231323037346134346362313535
30363165323535646330626539613361313066623935633465343439373965386363356437343235
31376638653938366332313535663534356464303232313430303536343834336534323063396438
36643738333835633133613636306263613534373863313066626266383562633765316266663437
31313432396462313138366136346136383732343731353430376563646363326632636161666536
30353433336631623632323138323439366437613434353464323866343730643531653635613862
33623836356261373037356262356636623033393466643231376366616366623133633162653837
61623364656463333161383161393238376363396530373036636464353934613835316333353638
61386336613864616362393731363233366330386165376132303231333336663435333634383664
34376161386361393532623262653862346363613034346635643233613738616665323866363762
38396138386663313132326336356232623366383965623161353233353062613539356637633139
63623563303537313364313032663936303466306262373333336433326162386138396262316236
38323835396566343561643238366133326532383238323037633463333339666630313039373731
34343338663163376631623331366630653436343632656366326536343965343531306263663833
62363766613037656664396437633938346436306562643838313130613437623462643765363639
35333965313036306136316636373632383932663565393236303133353464303735313436383830
30653336613065316632343265663239343330346235333232643839643463616365643765666561
61646136383230313733323963333133336436303866623533336138306633656266383063613733
33663731393636646265383564376437326564333539623736333633366563623664323863633232
37376263396365313634656232303737363063633239333936623337356164303265366665386562
32313166656630393930656262653766353563653235343833323264373466393232613535323763
33643334633932336561363431656264333561366135643231613133306130313630323663626337
36373733346633363438636365316231313234303831313639643562653234653163393037663462
34666433333739386230623137653838313866613862303937653161313362323335396663636635
30343965323964353630393136663861343733616461313837346436303332356463323939323761
30646637343332373766316465303232366535626665383663333265646166333764333634363830
36373366633965306630353563373064363966306132303730626164616264353866646233613232
636137333132653733336432616565666431
