$ANSIBLE_VAULT;1.1;AES256
63393062396136383433303738303039343337613162306563616465383362626564663339366633
6537626333313935346366306338306232663830643562620a333635383438303830663366393632
38636365373532303665306431393434333962666335336333346662613263363965326436333335
6632633661633039360a376462373536303338656165636664633630393332626636633332393765
31303833633530373362613934643263303737383265346230656364353735623633623065316434
66366366396532616538366236373066396137333737376664656237313034346164666161643564
66393935656334663963626131303465303661383766363035373462653162363264396566646532
34326639343366626530323063396636613361633364313963356364313631613534643062386635
64333466633934326332303037663665356435353437353562616132306362303338663437373364
64316334353239313135613763656266336235636230373561393365653637306238616366663336
62326533613236366365613133383063386561623130366335376332323161643232313435333861
62613761396633353736656536393161396635366637616366386632303936376562326364373339
30353831343035393262323537396263393066383632623364343432396431613836613633343538
38626231376434646331613931333162643435383563353632623930353039626531333736656533
63323233633461616131363563663430623830336262303562653334363630316538313661366638
35666339383162623835353130336230633563326137653036643330343964313531653538656634
32326462313030636633316235383638666331656336356163333064363866306535356561663365
35646239636337363739323566323664396137396232373330653838383437386534396136643531
61666532656539623235303462633735643236613533366138366464666166613264626537393233
31656662346336303063613962323363663961303739373033373338643536353534353831346263
37363536373966356135313134386463333237366533656262333733383961633839636463626630
34336630623931616462376234636161303437313236616536616534376664386435393230346531
34316235653137396234646335306135333366333362326531623362303539633762643038323663
66363737633065316639333738396334316136633934363962626162666539623863623631663436
65393936643233386465626336613465623036616138353861643237386339303937613333346162
34643865643436353864633435613337366233356161373565633039326632623535306534343937
33646635666338623364666336656163613738313934626261623661336138623461383937633065
39363966306534653961616434613835316462626239326432623163303739373563323730646639
32623864323334316461353435323164396262353965626233646264333561626136303861336537
31383934383131333231333939623861366137306331316334616565323239636562313563616262
38353765643837303032343839333335656236366634656230393030346430323130653262353165
37393262373833373733356136363833616234326462326666353338393738393665353134623666
34663964356662383865376632666631663962386635343131336239643835346566326332326131
65366365663731636337366664386439356130363866346635386437323264353536333061363630
64396337366661633834386136303639666335333964643362663532366533386334353961633731
64643663346638636130363366343763363164366130363639336565623131306665343636333535
32663561656530316430343563316631623739333364383534323837643962646662386333626232
30653130306164313136323961623136383138303934623533303935643761326332643864643035
30666639613838636664633066326463366537626633333434366531636262376532303038626330
32633537303637346435323231333462353931363834366432303363653766363164366664336337
66366666343663636638303264656237623335616438663765653538626435313833623331663030
61323262653063353934343831353066333563623462356636373561343664613034393738326639
62356538373433656163346466383164643566333663356538633930306436656138376636376130
31383062626163613739333939653964356333323039363761623238623661326638353638363334
33356537643133373439353439626633626232313065396634306138643963363930633264643135
30653736393565656130303333643164666339373137646135313233313365316437333239383361
31373136396430343266383031333838336162353265323834303832343834363032666235646330
62646439353462666437613962633333373464396164356266613132343062323161623835353965
62383033646466656161633362316636313433303530316562616437333065306636623666623137
34646164613331376465663234616164663437373932343937666134353866373338393633613061
31376539633331303533666237616363343265323262353966616536653830346664336530383535
32363233643966333731343864656533336331653336333031353232623634373634626332383530
35633231343733393934653166393937333762313363306532326334303037646532
